CA:18m43.1069763s
CN:33m9.4815845s
DE:10m36.4007413s
GH:15m29.6185937s
IN:19m31.1394293s
IR:19m31.8468584s
NO:12m26.3018572s
RU:13m37.3723225s
US:17m10.6093113s
