CA:27m56.909258198s
CN:46m50.953299983s
DE:14m35.716478854s
GH:21m11.519422805s
IN:39m44.7734521s
IR:34m55.092553845s
NO:19m38.140393621s
RU:18m16.044972805s
US:21m59.129760242s
