CA:22m23.5302723s
CN:38m11.3579947s
DE:15m11.7558477s
GH:18m47.8919959s
IN:22m2.7180532s
IR:22m27.4489789s
NO:58m19.2771911s
RE:16.9914ms
RU:16m56.952072s
US:20m36.8340675s
